          19            1
           1           21
          21            2
           2           23
          23            3
           3           25
          25            4
           4           27
          27            5
           5           29
          29            6
           6           31
          31            7
           7           33
          33            8
           8           35
          35            9
           9           37
          37           10
          10           39
          39           11
          11           41
          41           12
          12           43
          53           13
          13           55
          14           15
          55           14
          15           16
          16           17
          17           19
          43           44
          44           45
          45           46
          46           47
          47           91
          91           48
          48           93
         101           49
          49          103
          50           51
         103           50
          51           52
          52           53
          93           94
          94           95
          95           96
          96          151
         151           97
          97          153
          98           99
         159           98
          99          100
         100          101
         153          154
         154          217
         217          155
         155          219
         156          157
         225          156
         157          159
         219          220
         220          221
         221          293
         222          223
         298          222
         223          224
         224          225
         293          294
         294          372
         372          295
         295          374
         296          297
         377          296
         297          298
         374          375
         375          459
         376          377
         464          376
         459          460
         460          461
         461          552
         462          463
         555          462
         463          464
         552          553
         553          649
         554          555
         652          554
         649          650
         650          750
         651          652
         753          651
         750          751
         751          855
         752          753
         860          752
         855          857
         857          858
         858          968
         859          860
         971          859
         968          969
         969         1083
         970          971
        1086          970
        1083         1084
        1084         1202
        1085         1086
        1205         1085
        1202         1203
        1203         1325
        1204         1205
        1328         1204
        1325         1326
        1326         1452
        1327         1328
        1455         1327
        1452         1453
        1453         1714
        1454         1455
        1584         1454
        1583         1584
        1717         1583
        1714         1715
        1715         1851
        1716         1717
        1993         1716
        1851         1852
        1852         1990
        1990         1991
        1991         2133
        1992         1993
        2136         1992
        2133         2134
        2134         2426
        2135         2136
        2280         2135
        2428         2280
        2426         2427
        2427         2577
        2580         2428
        2577         2578
        2578         2886
        2579         2580
        2732         2579
        2889         2732
        2886         2887
        2887         3045
        2888         2889
        3048         2888
        3045         3046
        3046         3207
        3047         3048
        3372         3047
        3207         3369
        3369         3370
        3370         3702
        3371         3372
        3536         3371
        3705         3536
        3702         3703
        3703         3873
        3704         3705
        3874         3704
        3873         4044
        4047         3874
        4044         4045
        4045         4219
        4046         4047
        4220         4046
        4219         4394
        4397         4220
        4394         4395
        4395         4573
        4396         4397
        4574         4396
        4573         4752
        4755         4574
        4752         4753
        4753         4935
        4754         4755
        4936         4754
        4935         5118
        5121         4936
        5118         5119
        5119         5490
        5120         5121
        5493         5120
        5490         5491
        5491         5680
        5492         5493
        5681         5492
        5680         5870
        5871         5681
        5870         6061
        6064         5871
        6061         6062
        6062         6449
        6063         6064
        6256         6063
        6451         6256
        6449         6450
        6450         6646
        6648         6451
        6646         6844
        6647         6648
        6845         6647
        6844         7042
        7044         6845
        7042         7043
        7043         7243
        7245         7044
        7243         7445
        7244         7245
        7446         7244
        7445         7647
        7649         7446
        7647         7648
        7648         7852
        7854         7649
        7852         8263
        7853         7854
        8058         7853
        8264         8058
        8263         8470
        8473         8264
        8470         8471
        8471         8680
        8472         8473
        8681         8472
        8680         8890
        9102         8681
        8890         9100
        9100         9101
        9101         9313
        9315         9102
        9313         9526
        9314         9315
        9527         9314
        9526         9740
        9741         9527
        9740         9954
        9955         9741
        9954        10170
       10171         9955
       10170        10386
       10388        10171
       10386        10604
       10387        10388
       10605        10387
       10604        10822
       10823        10605
       10822        11040
       11042        10823
       11040        11041
       11041        11261
       11262        11042
       11261        11481
       11482        11262
       11481        11924
       11703        11482
       11925        11703
       11924        12146
       12147        11925
       12146        12369
       12371        12147
       12369        12370
       12370        12594
       12595        12371
       12594        12818
       12820        12595
       12818        13043
       12819        12820
       13044        12819
       13043        13269
       13270        13044
       13269        13495
       13496        13270
       13495        13721
       13948        13496
       13721        13947
       13947        14175
       14176        13948
       14175        14403
       14404        14176
       14403        14631
       14632        14404
       14631        14859
       14860        14632
       14859        15087
       15088        14860
       15087        15546
       15317        15088
       15547        15317
       15546        15776
       15777        15547
       15776        16006
       16007        15777
       16006        16236
       16237        16007
       16236        16466
       16467        16237
       16466        16696
       16697        16467
       16696        16926
       16927        16697
       16926        17156
       17157        16927
       17156        17386
       17387        17157
       17386        17616
       17617        17387
       17616        17846
       17847        17617
       17846        18076
       18077        17847
       18076        18307
       18078        18077
       18308        18078
       18307        18537
       18538        18308
       18537        18767
       18768        18538
       18767        18997
       18998        18768
       18997        19227
       19228        18998
       19227        19457
       19458        19228
       19457        19687
       19688        19458
       19687        19917
       19918        19688
       19917        20147
       20148        19918
       20147        20377
       20378        20148
       20377        20607
       20608        20378
       20607        20837
       20838        20608
       20837        21067
       21296        20838
       21067        21295
       21295        21523
       21524        21296
       21523        21751
       21752        21524
       21751        21979
       21980        21752
       21979        22207
       22208        21980
       22207        22660
       22435        22208
       22661        22435
       22660        22886
       22887        22661
       22886        23112
       23113        22887
       23112        23338
       23339        23113
       23338        23337
       23337        23562
       23563        23339
       23562        23786
       23787        23563
       23786        24010
       24011        23787
       24010        24233
       24012        24011
       24234        24012
       24233        24455
       24456        24234
       24455        24677
       24898        24456
       24677        24897
       24897        25117
       25118        24898
       25117        25337
       25119        25118
       25338        25119
       25337        25555
       25556        25338
       25555        25773
       25774        25556
       25773        25990
       25991        25774
       25990        25989
       25989        26206
       26207        25991
       26206        26635
       26208        26207
       26422        26208
       26636        26422
       26635        26849
       26850        26636
       26849        26848
       26848        27061
       27062        26850
       27061        27273
       27274        27062
       27273        27483
       27484        27274
       27483        27693
       27694        27484
       27693        27692
       27692        27901
       27902        27694
       27901        28108
       27903        27902
       28109        27903
       28108        28314
       28315        28109
       28314        28518
       28519        28315
       28518        28722
       28520        28519
       28723        28520
       28722        28924
       28925        28723
       28924        29125
       29126        28925
       29125        29124
       29124        29325
       29127        29126
       29326        29127
       29325        29523
       29524        29326
       29523        29720
       29721        29524
       29720        29719
       29719        29916
       29722        29721
       29917        29722
       29916        30110
       30111        29917
       30110        30302
       30303        30111
       30302        30493
       30304        30303
       30494        30304
       30493        30683
       30684        30494
       30683        30682
       30682        30871
       30872        30684
       30871        31057
       31058        30872
       31057        31241
       31242        31058
       31241        31424
       31243        31242
       31425        31243
       31424        31605
       31606        31425
       31605        31604
       31604        31784
       31607        31606
       31785        31607
       31784        31961
       31962        31785
       31961        31960
       31960        32136
       31963        31962
       32137        31963
       32136        32309
       32310        32137
       32309        32308
       32308        32480
       32311        32310
       32481        32311
       32480        32649
       32650        32481
       32649        32648
       32648        32816
       32651        32650
       32817        32651
       32816        32980
       32981        32817
       32980        33142
       33143        32981
       33142        33141
       33141        33302
       33144        33143
       33303        33144
       33302        33459
       33460        33303
       33459        33458
       33458        33614
       33461        33460
       33615        33461
       33614        33766
       33616        33615
       33916        33616
       33766        33915
       33915        33914
       33914        34062
       33917        33916
       34063        33917
       34062        34206
       34064        34063
       34207        34064
       34206        34347
       34348        34207
       34347        34346
       34346        34485
       34486        34348
       34485        34484
       34484        34620
       34487        34486
       34621        34487
       34620        34619
       34619        34751
       34622        34621
       34752        34622
       34751        34879
       34753        34752
       34880        34753
       34879        35004
       34881        34880
       35005        34881
       35004        35003
       35003        35125
       35006        35005
       35126        35006
       35125        35124
       35124        35242
       35127        35126
       35243        35127
       35242        35241
       35241        35355
       35244        35243
       35356        35244
       35355        35354
       35354        35464
       35357        35356
       35465        35357
       35464        35463
       35463        35568
       35466        35465
       35569        35466
       35567        35566
       35566        35667
       35568        35567
       35570        35569
       35668        35570
       35667        35666
       35666        35762
       35669        35668
       35671        35669
       35763        35671
       35762        35761
       35761        35851
       35764        35763
       35852        35764
       35850        35848
       35848        35934
       35851        35850
       35853        35852
       35855        35853
       35935        35855
       35934        35933
       35933        36011
       35936        35935
       36012        35936
       35938        36012
       36013        35938
       36009        36008
       36008        36081
       36010        36009
       36011        36010
       36014        36013
       36082        36014
       36080        36078
       36078        36143
       36081        36080
       36083        36082
       36084        36083
       36144        36084
       36086        36144
       36145        36086
       36141        36140
       36140        36197
       36142        36141
       36143        36142
       36146        36145
       36147        36146
       36148        36147
       36198        36148
       36150        36198
       36199        36150
       36192        36239
       36240        36192
       36195        36194
       36194        36240
       36196        36195
       36197        36196
       36200        36199
       36201        36200
       36202        36201
       36241        36202
       36204        36241
       36242        36204
       36232        36267
       36268        36232
       36236        36234
       36234        36268
       36237        36236
       36238        36237
       36239        36238
       36243        36242
       36244        36243
       36245        36244
       36246        36245
       36247        36246
       36248        36247
       36249        36248
       36250        36249
       36251        36250
       36252        36251
       36253        36252
       36254        36253
       36255        36254
       36256        36255
       36257        36256
       36258        36257
       36259        36258
       36260        36259
       36261        36260
       36262        36261
       36263        36262
       36264        36263
       36265        36264
       36266        36265
       36267        36266
