           1            4            2
           1            2           26
           1           33            4
           1           25           24
           1           24           33
           1           26           25
           2            6            3
           2            3           26
           2            4            5
           2            5            6
           3            6           37
           3           27           26
           3           28           27
           3           37           28
           4            7            5
           4           42            7
           4           33           42
           5            9            6
           5            7            8
           5            8            9
           6            9           46
           6           46           37
           7           61            8
           7           42           51
           7           51           61
           8           63            9
           8           61           62
           8           62           63
           9           55           46
           9           63           55
          10           17           11
          10           11           84
          10           16           17
          10           90           16
          10           84           83
          10           83           90
          11           18           12
          11           12           84
          11           17           25
          11           25           18
          12           18           13
          12           13           86
          12           85           84
          12           86           85
          13           19           14
          13           14           86
          13           18           27
          13           27           19
          14           19           20
          14           20           96
          14           87           86
          14           96           87
          15           23           16
          15           16           89
          15           22           31
          15           99           22
          15           31           23
          15           89           99
          16           23           17
          16           90           89
          17           23           24
          17           24           25
          18           25           26
          18           26           27
          19           28           20
          19           27           28
          20           29           21
          20           21           96
          20           28           29
          21           29           30
          21           30          107
          21           97           96
          21          107           97
          22          121           31
          22           99          109
          22          109          252
          22          120          121
          22          252          120
          23           32           24
          23           31           32
          24           32           33
          28           37           29
          29           39           30
          29           37           39
          30           39          131
          30          119          107
          30          131          119
          31           40           32
          31          121           40
          32           41           33
          32           40           41
          33           41           42
          37           38           39
          37           46           38
          38           48           39
          38           46           47
          38           47           57
          38           57           48
          39           48          131
          40           49           41
          40          147           49
          40          121          134
          40          134          147
          41           50           42
          41           49           50
          42           50           51
          46           55           47
          47           55           56
          47           56           57
          48           57          157
          48          144          131
          48          157          144
          49           58           50
          49          147           58
          50           60           51
          50           58           59
          50           59           60
          51           60           61
          55           64           56
          55           63           64
          56           66           57
          56           64           65
          56           65           66
          57           66          157
          58          171           59
          58          147          159
          58          159          171
          59           68           60
          59           67           68
          59          171           67
          60           69           61
          60           68           69
          61           69           62
          62           71           63
          62           69           70
          62           70           71
          63           71           64
          64           72           65
          64           71           72
          65          179           66
          65           72           73
          65           73          179
          66          169          157
          66          179          169
          67          182           68
          67          171          181
          67          181          182
          68           74           69
          68          182           74
          69           75           70
          69           74           75
          70           77           71
          70           75           76
          70           76           77
          71           77           72
          72           78           73
          72           77           78
          73           78          188
          73          189          179
          73          188          189
          74          192           75
          74          182          191
          74          191          192
          75          192           76
          76          194           77
          76          192          193
          76          193          194
          77          194           78
          78          195          188
          78          194          195
          79           85           80
          79           80          208
          79           83           84
          79          207           83
          79           84           85
          79          208          207
          80           85           81
          80           81          210
          80          202          208
          80          210          202
          81           85           86
          81           86           87
          81           87          211
          81          211          210
          82           90           83
          82           83          207
          82          215           90
          82          206          205
          82          205          215
          82          207          206
          87           96           88
          87           88          211
          88           96           97
          88           97          223
          88          212          211
          88          223          212
          89           90          215
          89          226           99
          89          215          226
          97          107          236
          97          236          223
          98          109           99
          98           99          226
          98          238          109
          98          226          225
          98          225          428
          98          428          238
         107          119          108
         107          108          236
         108          119          264
         108          237          236
         108          250          237
         108          264          250
         109          238          252
         119          131          132
         119          132          264
         120          134          121
         120          133          134
         120          266          133
         120          252          266
         131          144          132
         132          144          145
         132          145          279
         132          279          264
         133          146          134
         133          297          146
         133          266          281
         133          281          297
         134          146          147
         144          158          145
         144          157          158
         145          158          309
         145          295          279
         145          309          295
         146          159          147
         146          312          159
         146          297          312
         157          169          158
         158          169          324
         158          324          309
         159          170          171
         159          312          170
         169          179          180
         169          180          324
         170          181          171
         170          340          181
         170          312          326
         170          326          340
         179          189          180
         180          189          350
         180          338          324
         180          350          338
         181          190          182
         181          353          190
         181          340          353
         182          190          191
         188          361          189
         188          195          196
         188          196          361
         189          361          350
         190          354          191
         190          353          354
         191          365          192
         191          354          364
         191          364          365
         192          197          193
         192          365          197
         193          199          194
         193          197          198
         193          198          199
         194          199          195
         195          369          196
         195          199          369
         196          371          361
         196          369          370
         196          370          371
         197          373          198
         197          365          373
         198          375          199
         198          373          374
         198          374          375
         199          375          369
         200          208          201
         200          201          382
         200          206          207
         200          381          206
         200          207          208
         200          382          381
         201          208          202
         201          202          378
         201          378          377
         201          377          382
         202          210          203
         202          203          378
         203          210          204
         203          204          386
         203          379          378
         203          386          379
         204          210          211
         204          211          212
         204          212          387
         204          387          386
         205          206          380
         205          214          215
         205          389          214
         205          380          389
         206          381          380
         212          223          213
         212          213          387
         213          223          224
         213          224          399
         213          388          387
         213          399          388
         214          226          215
         214          225          226
         214          400          225
         214          389          400
         223          236          224
         224          236          237
         224          237          412
         224          412          399
         225          400          413
         225          413          428
         237          250          427
         237          427          412
         238          251          252
         238          443          251
         238          428          443
         250          264          265
         250          265          442
         250          442          427
         251          266          252
         251          475          266
         251          443          458
         251          458          475
         264          279          265
         265          279          280
         265          280          457
         265          457          442
         266          475          281
         279          295          280
         280          295          491
         280          474          457
         280          491          474
         281          296          297
         281          492          296
         281          475          492
         295          309          310
         295          310          491
         296          311          297
         296          509          311
         296          492          736
         296          736          509
         297          311          312
         309          325          310
         309          324          325
         310          325          523
         310          508          491
         310          523          508
         311          326          312
         311          524          326
         311          509          524
         324          338          325
         325          338          538
         325          538          523
         326          339          340
         326          524          339
         338          350          351
         338          351          538
         339          352          340
         339          554          352
         339          524          554
         340          352          353
         350          362          351
         350          361          362
         351          362          566
         351          553          538
         351          566          553
         352          363          353
         352          567          363
         352          554          567
         353          363          354
         354          363          579
         354          579          364
         361          371          362
         362          371          577
         362          577          566
         363          567          578
         363          578          579
         364          372          365
         364          580          372
         364          579          580
         365          372          373
         369          376          370
         369          375          376
         370          586          371
         370          376          585
         370          585          586
         371          586          577
         372          588          373
         372          580          587
         372          587          588
         373          588          374
         374          583          375
         374          589          583
         374          588          589
         375          583          376
         376          583          584
         376          584          585
         377          378          593
         377          591          382
         377          592          591
         377          593          592
         378          379          593
         379          386          595
         379          594          593
         379          595          594
         380          381          598
         380          597          389
         380          598          597
         381          382          590
         381          590          598
         382          591          590
         386          387          596
         386          596          595
         387          388          606
         387          606          596
         388          399          607
         388          607          606
         389          608          400
         389          597          608
         399          412          620
         399          620          607
         400          621          413
         400          608          621
         412          427          635
         412          635          620
         413          651          428
         413          621          636
         413          636          651
         427          442          650
         427          650          635
         428          651          443
         442          457          667
         442          667          650
         443          668          458
         443          651          668
         457          474          684
         457          684          667
         458          702          475
         458          668          685
         458          685          702
         474          491          718
         474          701          684
         474          718          701
         475          702          492
         491          508          718
         492          702          719
         492          719          736
         508          523          752
         508          735          718
         508          752          735
         509          753          524
         509          736         1017
         509         1017          753
         523          538          769
         523          769          752
         524          539          554
         524          753          539
         538          553          769
         539          800          554
         539          753          770
         539          770          785
         539          785          800
         553          566          799
         553          784          769
         553          799          784
         554          800          567
         566          577          812
         566          812          799
         567          813          578
         567          800          813
         577          586          823
         577          823          812
         578          824          579
         578          813          814
         578          814          824
         579          824          580
         580          825          587
         580          824          825
         583          829          584
         583          589          829
         584          830          585
         584          829         1107
         584         1107          830
         585          822          586
         585          830          822
         586          822          823
         587          827          588
         587          825          826
         587          826          827
         588          827          589
         589          827          828
         589          828          829
         590          591          837
         590          836          598
         590          837          836
         591          592          831
         591          831          837
         592          593          833
         592          832          831
         592          833          832
         593          594          833
         594          595          835
         594          834          833
         594          835          834
         595          596          843
         595          843          835
         596          606          844
         596          844          843
         597          598          846
         597          845          608
         597          846          845
         598          836          846
         606          607          856
         606          856          844
         607          620          857
         607          857          856
         608          858          621
         608          845          858
         620          635          872
         620          872          857
         621          873          636
         621          858          873
         635          650          887
         635          887          872
         636          905          651
         636          873          888
         636          888          905
         650          667          904
         650          904          887
         651          905          668
         667          684          921
         667          921          904
         668          922          685
         668          905          922
         684          701          940
         684          940          921
         685          960          702
         685          922          941
         685          941          960
         701          718          978
         701          959          940
         701          978          959
         702          960          719
         718          735          978
         719          979          736
         719          960         1245
         719         1245          979
         735          752         1016
         735          997          978
         735         1016          997
         736          979         1017
         752          769         1033
         752         1033         1016
         753         1034          770
         753         1017         1034
         769          784         1033
         770         1051          785
         770         1034         1321
         770         1321         1051
         784          799         1065
         784         1050         1033
         784         1065         1050
         785         1081          800
         785         1051         1066
         785         1066         1081
         799          812         1080
         799         1080         1065
         800         1081          813
         812          823         1093
         812         1093         1080
         813         1082          814
         813         1081         1082
         814         1095          824
         814         1082         1094
         814         1094         1095
         822         1092          823
         822          830         1101
         822         1101         1092
         823         1092         1093
         824         1095          825
         825         1103          826
         825         1095         1103
         826         1105          827
         826         1103         1104
         826         1104         1105
         827         1105          828
         828         1106          829
         828         1105         1106
         829         1106         1107
         830         1400         1101
         830         1107         1400
         831          832         1110
         831         1109          837
         831         1110         1109
         832          833          834
         832          834         1405
         832         1111         1110
         832         1405         1111
         834          835         1112
         834         1112         1405
         835          843         1113
         835         1113         1112
         836          837         1108
         836         1116          846
         836         1108         1116
         837         1109         1108
         843          844         1114
         843         1114         1113
         844          856         1124
         844         1124         1114
         845          846         1115
         845         1126          858
         845         1115         1126
         846         1116         1115
         856          857         1125
         856         1125         1124
         857          872         1138
         857         1138         1125
         858         1139          873
         858         1126         1139
         872          887         1153
         872         1153         1138
         873         1436          888
         873         1139         1436
         887          904         1187
         887         1187         1153
         888         1188          905
         888         1154         1188
         888         1436         1154
         904          921         1206
         904         1206         1187
         905         1188          922
         921          940         1225
         921         1225         1206
         922         1207          941
         922         1188         1207
         940          959         1244
         940         1244         1225
         941         1226          960
         941         1207         1506
         941         1506         1226
         959          978         1263
         959         1562         1244
         959         1263         1562
         960         1226         1245
         978          997         1263
         979          998         1017
         979         1264          998
         979         1245         1264
         997         1016         1301
         997         1282         1263
         997         1301         1282
         998         1034         1017
         998         1302         1034
         998         1264         1283
         998         1283         1302
        1016         1033         1320
        1016         1320         1301
        1033         1050         1320
        1034         1302         1321
        1050         1065         1354
        1050         1337         1320
        1050         1354         1337
        1051         1338         1066
        1051         1321         1639
        1051         1639         1338
        1065         1080         1369
        1065         1369         1354
        1066         1370         1081
        1066         1338         1355
        1066         1355         1370
        1080         1093         1382
        1080         1382         1369
        1081         1370         1082
        1082         1383         1094
        1082         1370         1383
        1092         1393         1093
        1092         1101         1102
        1092         1102         1393
        1093         1393         1382
        1094         1394         1095
        1094         1383         1384
        1094         1384         1394
        1095         1394         1103
        1101         1392         1102
        1101         1400         1392
        1102         1392         1696
        1102         1696         1393
        1103         1395         1104
        1103         1394         1395
        1104         1397         1105
        1104         1395         1396
        1104         1396         1397
        1105         1397         1106
        1106         1399         1107
        1106         1397         1398
        1106         1398         1399
        1107         1399         1400
        1108         1109         1402
        1108         1401         1116
        1108         1402         1401
        1109         1110         1403
        1109         1403         1402
        1110         1111         1404
        1110         1404         1403
        1111         1707         1404
        1111         1405         1707
        1112         1113         1407
        1112         1406         1405
        1112         1407         1406
        1113         1114         1408
        1113         1408         1407
        1114         1124         1409
        1114         1409         1408
        1115         1116         1410
        1115         1422         1126
        1115         1410         1422
        1116         1401         1410
        1124         1125         1420
        1124         1420         1409
        1125         1138         1434
        1125         1434         1420
        1126         1421         1139
        1126         1422         1421
        1138         1153         1435
        1138         1435         1434
        1139         1421         1436
        1153         1187         1170
        1153         1170         1435
        1154         1171         1188
        1154         1468         1171
        1154         1436         1451
        1154         1451         1468
        1170         1187         1486
        1170         1450         1435
        1170         1467         1450
        1170         1486         1467
        1171         1207         1188
        1171         1487         1207
        1171         1468         1780
        1171         1780         1487
        1187         1206         1486
        1206         1225         1505
        1206         1505         1486
        1207         1487         1506
        1225         1244         1524
        1225         1524         1505
        1226         1544         1245
        1226         1506         1525
        1226         1525         1544
        1244         1543         1524
        1244         1562         1543
        1245         1544         1264
        1263         1282         1581
        1263         1581         1562
        1264         1563         1283
        1264         1544         1563
        1282         1301         1619
        1282         1600         1581
        1282         1619         1600
        1283         1601         1302
        1283         1563         1582
        1283         1582         1601
        1301         1320         1619
        1302         1620         1321
        1302         1601         1620
        1320         1337         1619
        1321         1620         1639
        1337         1354         1655
        1337         1638         1619
        1337         1655         1638
        1338         1656         1355
        1338         1639         1957
        1338         1957         1656
        1354         1369         1670
        1354         1670         1655
        1355         1672         1370
        1355         1656         1671
        1355         1671         1672
        1369         1382         1685
        1369         1685         1670
        1370         1672         1383
        1382         1393         1684
        1382         1684         1685
        1383         1686         1384
        1383         1672         1686
        1384         1698         1394
        1384         1686         1697
        1384         1697         1698
        1392         1400         1704
        1392         1705         1696
        1392         1704         1705
        1393         1696         1684
        1394         1698         1395
        1395         1699         1396
        1395         1698         1699
        1396         1701         1397
        1396         1699         1700
        1396         1700         1701
        1397         1701         1398
        1398         1703         1399
        1398         1701         1702
        1398         1702         1703
        1399         1704         1400
        1399         1703         1704
        1401         1402         1709
        1401         1719         1410
        1401         1709         1719
        1402         1403         1710
        1402         1710         1709
        1403         1404         1711
        1403         1711         1710
        1404         1707         1706
        1404         1706         1711
        1405         1406         1707
        1406         1407         1715
        1406         1708         1707
        1406         1715         1708
        1407         1408         1716
        1407         1716         1715
        1408         1409         1717
        1408         1717         1716
        1409         1420         1729
        1409         1729         1717
        1410         1718         1422
        1410         1719         1718
        1420         1434         1730
        1420         1730         1729
        1421         1422         1731
        1421         1747         1436
        1421         1731         1747
        1422         1718         1731
        1434         1435         1745
        1434         1745         1730
        1435         1450         1745
        1436         1747         1451
        1450         1467         1762
        1450         2070         1745
        1450         1762         2070
        1451         1763         1468
        1451         1747         1746
        1451         1746         1763
        1467         1486         1798
        1467         1779         1762
        1467         1798         1779
        1468         1763         2124
        1468         2124         1780
        1486         1505         1798
        1487         1818         1506
        1487         1780         1799
        1487         1799         1818
        1505         1524         1817
        1505         1817         1798
        1506         1818         1525
        1524         1543         1836
        1524         1836         1817
        1525         1858         1544
        1525         1818         1837
        1525         1837         1858
        1543         1562         1878
        1543         1857         1836
        1543         1878         1857
        1544         1858         1563
        1562         1581         1878
        1563         1879         1582
        1563         1858         1879
        1581         1600         1899
        1581         1899         1878
        1582         1919         1601
        1582         1879         1900
        1582         1900         1919
        1600         1619         1937
        1600         1918         1899
        1600         1937         1918
        1601         1938         1620
        1601         1919         1938
        1619         1638         1937
        1620         1957         1639
        1620         1938         1957
        1638         1655         1956
        1638         1956         1937
        1655         1670         1973
        1655         1973         1956
        1656         1991         1671
        1656         1957         1974
        1656         1974         1991
        1670         1685         1989
        1670         1990         1973
        1670         1989         1990
        1671         2006         1672
        1671         1991         2331
        1671         2331         2006
        1672         2006         1686
        1684         2005         1685
        1684         1696         2018
        1684         2018         2005
        1685         2005         1989
        1686         2007         1697
        1686         2006         2007
        1696         1705         2017
        1696         2017         2018
        1697         2020         1698
        1697         2007         2019
        1697         2019         2020
        1698         2020         1699
        1699         2021         1700
        1699         2020         2021
        1700         2029         1701
        1700         2021         2028
        1700         2028         2029
        1701         2029         1702
        1702         2025         1703
        1702         2030         2025
        1702         2029         2030
        1703         2026         1704
        1703         2025         2026
        1704         2026         1705
        1705         2027         2017
        1705         2026         2027
        1706         1707         1708
        1706         1708         2032
        1706         2031         1711
        1706         2032         2031
        1708         1715         2033
        1708         2033         2032
        1709         1710         2035
        1709         2034         1719
        1709         2035         2034
        1710         1711         2036
        1710         2036         2035
        1711         2031         2036
        1715         1716         2040
        1715         2040         2033
        1716         1717         2041
        1716         2041         2040
        1717         1729         2042
        1717         2042         2041
        1718         1719         2044
        1718         2043         1731
        1718         2044         2043
        1719         2034         2044
        1729         1730         2054
        1729         2054         2042
        1730         1745         2055
        1730         2055         2054
        1731         2056         1747
        1731         2043         2056
        1745         2070         2055
        1746         1747         2056
        1746         2088         1763
        1746         2056         2071
        1746         2071         2088
        1762         1779         2104
        1762         2087         2070
        1762         2104         2087
        1763         2088         2105
        1763         2105         2124
        1779         1798         2123
        1779         2123         2104
        1780         2124         1799
        1798         1817         2123
        1799         2162         1818
        1799         2124         2143
        1799         2143         2162
        1817         1836         2142
        1817         2142         2123
        1818         2162         1837
        1836         1857         2182
        1836         2182         2142
        1837         2183         1858
        1837         2162         2508
        1837         2508         2183
        1857         1878         2203
        1857         2507         2182
        1857         2203         2507
        1858         2183         1879
        1878         1899         2203
        1879         2204         1900
        1879         2183         2204
        1899         1918         2224
        1899         2224         2203
        1900         2225         1919
        1900         2204         2550
        1900         2550         2225
        1918         1937         2243
        1918         2568         2224
        1918         2243         2568
        1919         2244         1938
        1919         2225         2244
        1937         1956         2262
        1937         2262         2243
        1938         2263         1957
        1938         2244         2263
        1956         1973         2281
        1956         2281         2262
        1957         2263         1974
        1973         1990         2298
        1973         2298         2281
        1974         2299         1991
        1974         2263         2282
        1974         2282         2299
        1989         2330         1990
        1989         2005         2330
        1990         2315         2298
        1990         2330         2315
        1991         2299         2316
        1991         2316         2331
        2005         2018         2343
        2005         2343         2330
        2006         2332         2007
        2006         2331         2332
        2007         2344         2019
        2007         2332         2344
        2017         2342         2018
        2017         2027         2352
        2017         2352         2342
        2018         2342         2343
        2019         2346         2020
        2019         2344         2345
        2019         2345         2346
        2020         2346         2021
        2021         2353         2028
        2021         2346         2353
        2025         2350         2026
        2025         2030         2350
        2026         2351         2027
        2026         2350         2351
        2027         2351         2352
        2028         2354         2029
        2028         2353         2679
        2028         2679         2354
        2029         2354         2030
        2030         2355         2350
        2030         2354         2355
        2031         2032         2357
        2031         2361         2036
        2031         2357         2361
        2032         2033         2358
        2032         2358         2357
        2033         2040         2365
        2033         2365         2358
        2034         2035         2359
        2034         2369         2044
        2034         2359         2369
        2035         2036         2360
        2035         2360         2359
        2036         2361         2360
        2040         2041         2366
        2040         2366         2365
        2041         2042         2367
        2041         2367         2366
        2042         2054         2379
        2042         2379         2367
        2043         2044         2368
        2043         2381         2056
        2043         2368         2381
        2044         2369         2368
        2054         2055         2380
        2054         2380         2379
        2055         2070         2395
        2055         2395         2380
        2056         2381         2071
        2070         2087         2395
        2071         2396         2088
        2071         2381         2701
        2071         2701         2396
        2087         2104         2412
        2087         2715         2395
        2087         2412         2715
        2088         2413         2105
        2088         2396         2413
        2104         2123         2429
        2104         2429         2412
        2105         2430         2124
        2105         2413         2430
        2123         2142         2448
        2123         2448         2429
        2124         2430         2143
        2142         2182         2161
        2142         2161         2448
        2143         2468         2162
        2143         2430         2449
        2143         2449         2468
        2161         2182         2486
        2161         2467         2448
        2161         2486         2467
        2162         2468         2508
        2182         2507         2486
        2183         2529         2204
        2183         2508         2529
        2203         2224         2528
        2203         2528         2507
        2204         2529         2843
        2204         2843         2550
        2224         2549         2528
        2224         2568         2549
        2225         2588         2244
        2225         2550         2569
        2225         2569         2588
        2243         2262         2587
        2243         2587         2568
        2244         2588         2263
        2262         2281         2606
        2262         2606         2587
        2263         2588         2282
        2281         2298         2623
        2281         2623         2606
        2282         2624         2299
        2282         2588         2607
        2282         2607         2624
        2298         2315         2640
        2298         2640         2623
        2299         2641         2316
        2299         2624         2641
        2315         2330         2655
        2315         2639         2640
        2315         2655         2639
        2316         2656         2331
        2316         2641         2642
        2316         2642         2656
        2330         2343         2655
        2331         2656         2332
        2332         2657         2344
        2332         2656         2657
        2342         2668         2343
        2342         2352         2667
        2342         2667         2668
        2343         2668         2655
        2344         2669         2345
        2344         2657         2669
        2345         2671         2346
        2345         2669         2670
        2345         2670         2671
        2346         2671         2353
        2350         2675         2351
        2350         2355         2675
        2351         2677         2352
        2351         2675         2677
        2352         2677         2667
        2353         2671         2678
        2353         2678         2679
        2354         2680         2355
        2354         2679         2680
        2355         2983         2675
        2355         2680         2983
        2356         2361         2357
        2356         2357         2685
        2356         2683         2361
        2356         2988         2683
        2356         2684         2988
        2356         2989         2684
        2356         2685         2989
        2357         2358         2685
        2358         2365         2686
        2358         2686         2685
        2359         2360         2682
        2359         2681         2369
        2359         2682         2681
        2360         2361         2683
        2360         2683         2682
        2365         2366         2687
        2365         2687         2686
        2366         2367         2688
        2366         2688         2687
        2367         2379         2689
        2367         2689         2688
        2368         2369         2690
        2368         2702         2381
        2368         2690         2702
        2369         2681         2690
        2379         2380         2700
        2379         2700         2689
        2380         2395         2714
        2380         2714         2700
        2381         2702         2701
        2395         2715         2714
        2396         2731         2413
        2396         2701         2716
        2396         2716         2731
        2412         2429         2747
        2412         2730         2715
        2412         2747         2730
        2413         2748         2430
        2413         2731         2748
        2429         2448         2766
        2429         2766         2747
        2430         2767         2449
        2430         2748         2767
        2448         2467         2766
        2449         2786         2468
        2449         2767         3085
        2449         3085         2786
        2467         2486         2804
        2467         2785         2766
        2467         2804         2785
        2468         2487         2508
        2468         2786         2487
        2486         2507         2823
        2486         2823         2804
        2487         2529         2508
        2487         2824         2529
        2487         2786         2805
        2487         2805         2824
        2507         2528         2823
        2528         2549         2842
        2528         2842         2823
        2529         2824         2843
        2549         2568         2880
        2549         2861         2842
        2549         2880         2861
        2550         2862         2569
        2550         2843         2862
        2568         2587         2880
        2569         2900         2588
        2569         2862         2881
        2569         2881         2900
        2587         2606         2899
        2587         2899         2880
        2588         2900         2607
        2606         2623         2918
        2606         2918         2899
        2607         2919         2624
        2607         2900         2919
        2623         2640         2935
        2623         2935         2918
        2624         2936         2641
        2624         2919         2936
        2639         2950         2640
        2639         2655         2965
        2639         2965         2950
        2640         2950         2935
        2641         2951         2642
        2641         2936         2951
        2642         2657         2656
        2642         2952         2657
        2642         2951         2952
        2655         2668         2964
        2655         2964         2965
        2657         2966         2669
        2657         2952         2966
        2667         2976         2668
        2667         2677         2985
        2667         2985         2976
        2668         2976         2964
        2669         2977         2670
        2669         2966         2977
        2670         2979         2671
        2670         2977         2978
        2670         2978         2979
        2671         2979         2678
        2675         2676         2677
        2675         2983         2676
        2676         2985         2677
        2676         2983         3277
        2676         2984         2985
        2676         3277         2984
        2678         2981         2679
        2678         2979         2980
        2678         2980         2981
        2679         2981         2680
        2680         2981         2982
        2680         2982         2983
        2681         2682         2986
        2681         2994         2690
        2681         2986         2994
        2682         2683         2987
        2682         2987         2986
        2683         2988         2987
        2684         3279         2988
        2684         2989         3281
        2684         3280         3279
        2684         3281         3280
        2685         2686         3282
        2685         3282         2989
        2686         2687         2990
        2686         2990         3282
        2687         2688         2991
        2687         2991         2990
        2688         2689         2992
        2688         2992         2991
        2689         2700         3002
        2689         3002         2992
        2690         2993         2702
        2690         2994         2993
        2700         2714         3003
        2700         3003         3002
        2701         2702         3004
        2701         3004         2716
        2702         2993         3004
        2714         2715         3016
        2714         3016         3003
        2715         2730         3016
        2716         3032         2731
        2716         3004         3017
        2716         3017         3032
        2730         2747         3048
        2730         3031         3016
        2730         3048         3031
        2731         3049         2748
        2731         3032         3049
        2747         2766         3065
        2747         3065         3048
        2748         3066         2767
        2748         3049         3066
        2766         2785         3065
        2767         3066         3085
        2785         2804         3103
        2785         3084         3065
        2785         3103         3084
        2786         3104         2805
        2786         3085         3104
        2804         2823         3122
        2804         3122         3103
        2805         3123         2824
        2805         3104         3389
        2805         3389         3123
        2823         2842         3122
        2824         3142         2843
        2824         3123         3142
        2842         2861         3141
        2842         3141         3122
        2843         3142         2862
        2861         2880         3160
        2861         3445         3141
        2861         3160         3445
        2862         3161         2881
        2862         3142         3161
        2880         2899         3179
        2880         3179         3160
        2881         3199         2900
        2881         3161         3180
        2881         3180         3482
        2881         3482         3199
        2899         2918         3198
        2899         3198         3179
        2900         3199         2919
        2918         2935         3215
        2918         3215         3198
        2919         3216         2936
        2919         3199         3216
        2935         2950         3232
        2935         3232         3215
        2936         3233         2951
        2936         3216         3233
        2950         2965         3247
        2950         3247         3232
        2951         3248         2952
        2951         3233         3248
        2952         3261         2966
        2952         3248         3261
        2964         3260         2965
        2964         2976         3271
        2964         3271         3260
        2965         3260         3247
        2966         3262         2977
        2966         3261         3262
        2976         2985         3270
        2976         3270         3271
        2977         3262         2978
        2978         3273         2979
        2978         3262         3272
        2978         3272         3273
        2979         3273         2980
        2980         3275         2981
        2980         3273         3274
        2980         3274         3275
        2981         3275         2982
        2982         3277         2983
        2982         3275         3276
        2982         3276         3277
        2984         3270         2985
        2984         3278         3270
        2984         3277         3554
        2984         3554         3278
        2986         2987         3285
        2986         3284         2994
        2986         3285         3284
        2987         2988         3285
        2988         3279         3285
        2989         3282         3281
        2990         2991         3283
        2990         3283         3282
        2991         2992         3291
        2991         3290         3283
        2991         3291         3290
        2992         3002         3292
        2992         3292         3291
        2993         2994         3294
        2993         3017         3004
        2993         3293         3017
        2993         3294         3293
        2994         3284         3294
        3002         3003         3304
        3002         3304         3292
        3003         3016         3305
        3003         3305         3304
        3016         3031         3305
        3017         3306         3032
        3017         3293         3306
        3031         3048         3335
        3031         3320         3305
        3031         3335         3320
        3032         3321         3049
        3032         3306         3321
        3048         3065         3352
        3048         3352         3335
        3049         3336         3066
        3049         3321         3336
        3065         3084         3352
        3066         3353         3085
        3066         3336         3353
        3084         3103         3388
        3084         3369         3352
        3084         3388         3369
        3085         3370         3104
        3085         3353         3370
        3103         3122         3407
        3103         3407         3388
        3104         3370         3389
        3122         3141         3407
        3123         3427         3142
        3123         3389         3408
        3123         3408         3427
        3141         3426         3407
        3141         3445         3426
        3142         3427         3161
        3160         3179         3464
        3160         3464         3445
        3161         3446         3180
        3161         3427         3446
        3179         3198         3481
        3179         3481         3464
        3180         3446         3465
        3180         3465         3482
        3198         3215         3498
        3198         3498         3481
        3199         3499         3216
        3199         3482         3499
        3215         3232         3513
        3215         3513         3498
        3216         3514         3233
        3216         3499         3514
        3232         3247         3528
        3232         3528         3513
        3233         3529         3248
        3233         3514         3529
        3247         3260         3541
        3247         3541         3528
        3248         3530         3261
        3248         3529         3530
        3260         3271         3540
        3260         3540         3541
        3261         3542         3262
        3261         3530         3542
        3262         3542         3272
        3270         3550         3271
        3270         3278         3550
        3271         3550         3540
        3272         3551         3273
        3272         3542         3543
        3272         3543         3551
        3273         3551         3274
        3274         3552         3275
        3274         3551         3792
        3274         3792         3552
        3275         3552         3276
        3276         3554         3277
        3276         3552         3553
        3276         3553         3554
        3278         3549         3550
        3278         3555         3549
        3278         3554         3555
        3279         3280         3557
        3279         3556         3285
        3279         3557         3556
        3280         3281         3559
        3280         3558         3557
        3280         3559         3558
        3281         3282         3560
        3281         3560         3559
        3282         3283         3560
        3283         3290         3561
        3283         3561         3560
        3284         3285         3556
        3284         3564         3294
        3284         3556         3564
        3290         3291         3572
        3290         3562         3561
        3290         3572         3562
        3291         3292         3572
        3292         3304         3573
        3292         3573         3572
        3293         3294         3563
        3293         3574         3306
        3293         3563         3574
        3294         3564         3563
        3304         3305         3586
        3304         3586         3573
        3305         3320         3586
        3306         3587         3321
        3306         3574         3587
        3320         3335         3601
        3320         3832         3586
        3320         3601         3832
        3321         3602         3336
        3321         3587         3602
        3335         3352         3616
        3335         3616         3601
        3336         3617         3353
        3336         3602         3617
        3352         3369         3616
        3353         3634         3370
        3353         3617         3634
        3369         3388         3650
        3369         3633         3616
        3369         3650         3633
        3370         3651         3389
        3370         3634         3651
        3388         3407         3667
        3388         3667         3650
        3389         3651         3408
        3407         3426         3667
        3408         3685         3427
        3408         3651         3668
        3408         3668         3685
        3426         3445         3701
        3426         3684         3667
        3426         3701         3684
        3427         3685         3446
        3445         3464         3701
        3446         3702         3465
        3446         3685         3702
        3464         3481         3718
        3464         3718         3701
        3465         3736         3482
        3465         3702         3719
        3465         3719         3736
        3481         3498         3735
        3481         3735         3718
        3482         3736         3499
        3498         3513         3750
        3498         3750         3735
        3499         3751         3514
        3499         3736         3751
        3513         3528         3765
        3513         3765         3750
        3514         3766         3529
        3514         3751         3766
        3528         3541         3778
        3528         3778         3765
        3529         3779         3530
        3529         3766         3779
        3530         3780         3542
        3530         3779         3780
        3540         3789         3541
        3540         3550         3788
        3540         3788         3789
        3541         3789         3778
        3542         3780         3543
        3543         3791         3551
        3543         3780         3790
        3543         3790         3791
        3549         3788         3550
        3549         3555         3795
        3549         3796         3788
        3549         3795         3796
        3551         3791         3792
        3552         3793         3553
        3552         3792         3793
        3553         3555         3554
        3553         3794         3555
        3553         3793         3794
        3555         3794         3795
        3556         3557         3802
        3556         3802         3564
        3557         3558         3797
        3557         3797         3802
        3558         3559         3798
        3558         3803         3797
        3558         3798         3803
        3559         3560         3799
        3559         3799         3798
        3560         3561         3799
        3561         3562         3806
        3561         3806         3799
        3562         3572         3808
        3562         3807         3806
        3562         3808         3807
        3563         3564         3800
        3563         3809         3574
        3563         3800         3809
        3564         3802         3800
        3572         3573         3808
        3573         3586         3819
        3573         3819         3808
        3574         3820         3587
        3574         3809         3820
        3586         3832         3819
        3587         3833         3602
        3587         3820         3833
        3601         3616         3862
        3601         3847         3832
        3601         3862         3847
        3602         3848         3617
        3602         3833         3848
        3616         3633         3862
        3617         3863         3634
        3617         3848         3863
        3633         3650         3877
        3633         4075         3862
        3633         3877         4075
        3634         3878         3651
        3634         3863         3878
        3650         3667         3894
        3650         3894         3877
        3651         3878         3668
        3667         3684         3894
        3668         3912         3685
        3668         3878         3912
        3684         3701         3928
        3684         3911         3894
        3684         3928         3911
        3685         3929         3702
        3685         3912         3929
        3701         3718         3928
        3702         3944         3719
        3702         3929         3944
        3718         3735         3943
        3718         3943         3928
        3719         3959         3736
        3719         3944         4136
        3719         4136         3959
        3735         3750         3958
        3735         3958         3943
        3736         3959         3751
        3750         3765         3973
        3750         3973         3958
        3751         3974         3766
        3751         3959         3974
        3765         3778         3986
        3765         3986         3973
        3766         3987         3779
        3766         3974         3987
        3778         3789         3997
        3778         3997         3986
        3779         3998         3780
        3779         3987         3998
        3780         3998         3790
        3788         4006         3789
        3788         3796         4006
        3789         4006         3997
        3790         4000         3791
        3790         3998         3999
        3790         3999         4000
        3791         4007         3792
        3791         4000         4007
        3792         4007         3793
        3793         4008         3794
        3793         4007         4008
        3794         4009         3795
        3794         4008         4009
        3795         4004         3796
        3795         4009         4004
        3796         4004         4005
        3796         4005         4006
        3797         3801         3802
        3797         4010         3801
        3797         3803         4010
        3798         3799         3805
        3798         4012         3803
        3798         3805         4012
        3799         3806         3805
        3800         3802         3801
        3800         3801         4015
        3800         4015         3809
        3801         4010         4016
        3801         4016         4015
        3803         4011         4010
        3803         4012         4011
        3805         3806         4014
        3805         4013         4012
        3805         4014         4013
        3806         3807         4014
        3807         3808         4023
        3807         4022         4014
        3807         4023         4022
        3808         3819         4023
        3809         4024         3820
        3809         4015         4024
        3819         3832         4034
        3819         4034         4023
        3820         4035         3833
        3820         4024         4035
        3832         3847         4034
        3833         4048         3848
        3833         4035         4048
        3847         3862         4060
        3847         4047         4034
        3847         4060         4047
        3848         4061         3863
        3848         4048         4061
        3862         4075         4060
        3863         3895         3878
        3863         4061         3895
        3877         3894         3893
        3877         3893         4090
        3877         4090         4075
        3878         3895         3912
        3893         3894         3911
        3893         3911         4105
        3893         4089         4090
        3893         4105         4089
        3895         4106         3912
        3895         4061         4076
        3895         4076         4241
        3895         4241         4106
        3911         3928         3927
        3911         3927         4105
        3912         4106         3929
        3927         3928         3943
        3927         3943         4135
        3927         4120         4105
        3927         4135         4120
        3929         4121         3944
        3929         4106         4121
        3943         3958         4135
        3944         4121         4122
        3944         4122         4136
        3958         3973         4148
        3958         4148         4135
        3959         4149         3974
        3959         4136         4149
        3973         3986         4161
        3973         4161         4148
        3974         4162         3987
        3974         4149         4162
        3986         3997         4172
        3986         4172         4161
        3987         4173         3998
        3987         4162         4173
        3997         4006         4181
        3997         4181         4172
        3998         4173         3999
        3999         4182         4000
        3999         4173         4174
        3999         4174         4182
        4000         4001         4007
        4000         4182         4001
        4001         4008         4007
        4001         4183         4008
        4001         4182         4176
        4001         4176         4183
        4004         4186         4005
        4004         4009         4185
        4004         4185         4186
        4005         4181         4006
        4005         4180         4181
        4005         4186         4180
        4008         4184         4009
        4008         4183         4184
        4009         4184         4185
        4010         4011         4017
        4010         4017         4016
        4011         4012         4188
        4011         4187         4017
        4011         4188         4187
        4012         4013         4188
        4013         4014         4021
        4013         4021         4189
        4013         4189         4188
        4014         4022         4021
        4015         4016         4025
        4015         4025         4024
        4016         4017         4190
        4016         4190         4025
        4017         4187         4191
        4017         4191         4190
        4021         4022         4196
        4021         4195         4189
        4021         4196         4195
        4022         4023         4033
        4022         4033         4196
        4023         4034         4033
        4024         4025         4036
        4024         4036         4035
        4025         4197         4036
        4025         4190         4197
        4033         4034         4046
        4033         4046         4205
        4033         4205         4196
        4034         4047         4046
        4035         4036         4206
        4035         4206         4048
        4036         4197         4207
        4036         4207         4206
        4046         4047         4216
        4046         4215         4205
        4046         4216         4215
        4047         4060         4216
        4048         4062         4061
        4048         4206         4062
        4060         4075         4074
        4060         4074         4216
        4061         4062         4076
        4062         4228         4076
        4062         4206         4217
        4062         4217         4228
        4074         4075         4090
        4074         4090         4240
        4074         4227         4216
        4074         4240         4227
        4076         4228         4241
        4089         4240         4090
        4089         4105         4253
        4089         4252         4240
        4089         4253         4252
        4091         4121         4106
        4091         4106         4241
        4091         4107         4121
        4091         4254         4107
        4091         4241         4254
        4105         4120         4253
        4107         4122         4121
        4107         4267         4122
        4107         4254         4255
        4107         4255         4267
        4120         4135         4134
        4120         4134         4266
        4120         4266         4253
        4122         4278         4136
        4122         4267         4278
        4134         4135         4148
        4134         4148         4288
        4134         4277         4266
        4134         4288         4277
        4136         4278         4149
        4148         4161         4288
        4149         4150         4162
        4149         4278         4150
        4150         4163         4162
        4150         4289         4163
        4150         4278         4279
        4150         4279         4289
        4160         4161         4172
        4160         4288         4161
        4160         4172         4171
        4160         4171         4297
        4160         4287         4288
        4160         4297         4287
        4162         4163         4173
        4163         4174         4173
        4163         4298         4174
        4163         4289         4298
        4171         4172         4181
        4171         4181         4180
        4171         4180         4304
        4171         4304         4297
        4174         4175         4182
        4174         4298         4175
        4175         4176         4182
        4175         4305         4176
        4175         4298         4299
        4175         4299         4305
        4176         4306         4183
        4176         4305         4306
        4178         4179         4185
        4178         4307         4179
        4178         4184         4183
        4178         4183         4306
        4178         4185         4184
        4178         4306         4307
        4179         4186         4185
        4179         4304         4186
        4179         4303         4304
        4179         4307         4303
        4180         4186         4304
        4187         4188         4193
        4187         4192         4191
        4187         4193         4192
        4188         4189         4193
        4189         4194         4193
        4189         4195         4194
        4190         4191         4198
        4190         4198         4197
        4191         4192         4308
        4191         4308         4198
        4192         4193         4310
        4192         4316         4308
        4192         4310         4316
        4193         4194         4310
        4194         4195         4312
        4194         4311         4310
        4194         4312         4311
        4195         4196         4204
        4195         4204         4312
        4196         4205         4204
        4197         4198         4313
        4197         4313         4207
        4198         4308         4314
        4198         4314         4313
        4204         4205         4319
        4204         4318         4312
        4204         4319         4318
        4205         4215         4319
        4206         4207         4217
        4207         4320         4217
        4207         4313         4320
        4215         4216         4227
        4215         4227         4328
        4215         4328         4319
        4217         4229         4228
        4217         4320         4229
        4227         4240         4239
        4227         4239         4328
        4228         4229         4242
        4228         4242         4241
        4229         4338         4242
        4229         4320         4329
        4229         4329         4338
        4239         4240         4252
        4239         4252         4346
        4239         4337         4328
        4239         4346         4337
        4241         4242         4254
        4242         4338         4254
        4252         4253         4265
        4252         4265         4346
        4253         4266         4265
        4254         4338         4255
        4255         4356         4267
        4255         4338         4347
        4255         4347         4356
        4265         4266         4364
        4265         4355         4346
        4265         4364         4355
        4266         4277         4364
        4267         4279         4278
        4267         4356         4279
        4277         4288         4287
        4277         4287         4363
        4277         4363         4364
        4279         4365         4289
        4279         4356         4365
        4287         4297         4371
        4287         4371         4363
        4289         4290         4298
        4289         4365         4290
        4290         4299         4298
        4290         4372         4299
        4290         4365         4366
        4290         4366         4372
        4296         4297         4304
        4296         4371         4297
        4296         4303         4302
        4296         4302         4375
        4296         4304         4303
        4296         4376         4371
        4296         4375         4376
        4299         4300         4305
        4299         4372         4300
        4300         4301         4305
        4300         4374         4301
        4300         4372         4373
        4300         4373         4374
        4301         4302         4307
        4301         4374         4302
        4301         4306         4305
        4301         4307         4306
        4302         4303         4307
        4302         4374         4375
        4308         4309         4314
        4308         4316         4309
        4309         4322         4314
        4309         4316         4315
        4309         4315         4322
        4310         4311         4316
        4311         4312         4317
        4311         4324         4316
        4311         4317         4324
        4312         4318         4317
        4313         4314         4321
        4313         4321         4320
        4314         4322         4321
        4315         4316         4324
        4315         4323         4322
        4315         4378         4323
        4315         4324         4378
        4317         4318         4326
        4317         4325         4324
        4317         4326         4325
        4318         4319         4327
        4318         4327         4326
        4319         4328         4327
        4320         4321         4329
        4321         4322         4330
        4321         4330         4329
        4322         4323         4331
        4322         4331         4330
        4323         4377         4331
        4323         4381         4377
        4323         4378         4381
        4324         4325         4378
        4325         4326         4335
        4325         4335         4379
        4325         4379         4378
        4326         4327         4336
        4326         4336         4335
        4327         4328         4337
        4327         4337         4336
        4329         4330         4339
        4329         4339         4338
        4330         4331         4340
        4330         4340         4339
        4331         4377         4340
        4335         4336         4344
        4335         4344         4379
        4336         4337         4345
        4336         4345         4344
        4337         4346         4345
        4338         4339         4347
        4339         4340         4348
        4339         4348         4347
        4340         4349         4348
        4340         4377         4349
        4344         4345         4353
        4344         4353         4385
        4344         4385         4379
        4345         4346         4355
        4345         4355         4353
        4347         4348         4357
        4347         4357         4356
        4348         4349         4358
        4348         4358         4357
        4349         4383         4358
        4349         4377         4380
        4349         4380         4383
        4353         4355         4354
        4353         4354         4362
        4353         4362         4385
        4354         4355         4364
        4354         4370         4362
        4354         4364         4363
        4354         4363         4370
        4356         4357         4365
        4357         4358         4366
        4357         4366         4365
        4358         4367         4366
        4358         4383         4367
        4359         4360         4368
        4359         4384         4360
        4359         4373         4367
        4359         4367         4383
        4359         4368         4373
        4359         4383         4384
        4360         4361         4369
        4360         4384         4361
        4360         4369         4368
        4361         4362         4369
        4361         4385         4362
        4361         4384         4382
        4361         4382         4385
        4362         4370         4369
        4363         4371         4370
        4366         4367         4372
        4367         4373         4372
        4368         4369         4375
        4368         4374         4373
        4368         4375         4374
        4369         4370         4376
        4369         4376         4375
        4370         4371         4376
        4377         4381         4380
        4378         4379         4381
        4379         4382         4381
        4379         4385         4382
        4380         4381         4382
        4380         4382         4384
        4380         4384         4383
